Bittrex - USDT Market 
     Last   High   Low
BTC: 14202  14583  13911
BTG: 351    379    219  
ETH: 1368   1423   1261 
BCC: 2696   2856   2537 
XRP: 1.925  2.089  1.925
ETC: 44.2   46.6   35.0 
ADA: 0.848  0.947  0.822
LTC: 259    272    234  
NEO: 137    146    124  
XVG: 0.151  0.163  0.150
OMG: 24.8   25.9   22.7 
ZEC: 707    720    686  
XMR: 416    432    398  
DASH:1081   1122   1061 
NXT: 0.440  0.470  0.440

Bittrex - BTC Market 
        Last    %Change
BTG: 0.0248501   55.39%
ETH: 0.0966999   6.26%
ADA: 0.0000588  -8.28%
SC:  0.0000043  -9.41%
ETC: 0.0031400   23.62%
BCC: 0.1887494   3.37%
XRP: 0.0001356  -7.43%
NEO: 0.0095910   7.71%
XVG: 0.0000106  -7.00%
LTC: 0.0182465   7.84%
--------------09:42:34------------------
