Bittrex - USDT Market 
     Last   High   Low
BTC: 14228  14583  13911
BTG: 350    379    219  
ETH: 1354   1423   1261 
BCC: 2688   2856   2537 
XRP: 1.936  2.089  1.930
ETC: 43.5   46.6   35.0 
ADA: 0.828  0.947  0.822
LTC: 256    272    234  
NEO: 135    146    124  
XVG: 0.151  0.163  0.150
OMG: 24.8   25.9   22.7 
ZEC: 708    720    686  
XMR: 416    432    398  
DASH:1081   1122   1061 
NXT: 0.440  0.470  0.440

Bittrex - BTC Market 
        Last     %Change
BTG: 0.0246000   54.33%
ETH: 0.0961765   6.04%
ADA: 0.0000584  -9.13%
SC:  0.0000043  -8.44%
ETC: 0.0030902   20.76%
BCC: 0.1888390   3.47%
XRP: 0.0001352  -8.33%
NEO: 0.0095400   6.94%
XVG: 0.0000106  -7.01%
LTC: 0.0179480   6.04%
--------------09:34:18------------------
