Bittrex - USDT Market 
     Last   High   Low
BTC: 14186  14583  13911
BTG: 350    379    219  
ETH: 1372   1423   1261 
BCC: 2680   2856   2537 
XRP: 1.930  2.089  1.930
ETC: 44.4   46.6   35.0 
ADA: 0.830  0.947  0.822
LTC: 258    272    234  
NEO: 135    146    124  
XVG: 0.151  0.163  0.150
OMG: 24.8   25.9   22.7 
ZEC: 706    720    686  
XMR: 416    432    398  
DASH:1081   1122   1061 
NXT: 0.440  0.470  0.440

Bittrex - BTC Market 
        Last    %Change
BTG: 0.0247782   56.52%
ETH: 0.0965000   6.40%
ADA: 0.0000587  -8.82%
SC:  0.0000044  -7.82%
ETC: 0.0031298   22.26%
BCC: 0.1878000   2.90%
XRP: 0.0001354  -7.65%
NEO: 0.0095520   7.04%
XVG: 0.0000106  -7.43%
LTC: 0.0180850   6.76%
--------------09:36:31------------------
